Evolución Histórica:
Volatilidad Histórica:
Reporte de Resultados | 3T.2020
Banco Santander México
130%
120%
110%
100%
90%
80%
70%
IPC
Base de comparación: 30 de septiembre de 2015
Precio máximo
SX5E
3,506.45
556,770,252.04
3,290.52
670,496,806.23
3,697.40
480,238,812.63
3,672.29
495,509,098.11
3,782.27
450,435,611.05
3,672.29
525,141,755.13
3,527.18
466,359,582.24
3,514.62
473,592,625.64
3,782.27
427,656,156.48
2,996.08
612,640,637.07
3,094.47
540,372,288.77
3,384.29
682,957,184.27
3,405.35
391,246,245.45
3,363.18
373,461,644.61
3,338.84
503,474,651.70
Santander
Periodo
Precio mínimo
2015
2016
2017
2018
2019
1° Sem. 2018
2° Sem. 2018
1° Sem. 2019
2° Sem. 2019
abril 2020
mayo 2020
junio 2020
julio 2020
agosto 2020
septiembre 2020
Volumen promedio (títulos)
3,069.05
2,680.35
3,230.68
2,937.36
2,954.66
3,278.72
2,937.36
2,954.66
3,282.78
2,662.99
2,760.23
3,077.92
3,174.32
3,174.32
3,137.06
129
