SXE009R DC058
Reporte de Resultados | 2T.2020
Banco Santander México
Pago de Derechos
bajo distintos valores del Valor Observado
90.00
110.00
Valor Observado
Valor
Observado
70
72
74
76
78
80
82
84
86
88
90
92
94
96
98
100
102
104
106
108
110
112
114
116
118
120
122
124
$150
$140
$130
$120
$110
$100
50.00
70.00
130.00
Pago de
Derechos
150.00
134
Nivel de
Mercado
2,379.44
100.00
2,447.42
100.00
2,515.41
100.00
2,583.39
100.00
2,651.38
100.00
2,719.36
100.00
2,787.34
100.00
2,855.33
100.00
2,923.31
100.00
2,991.30
100.00
3,059.28
100.00
3,127.26
100.00
3,195.25
100.00
3,263.23
100.00
3,331.22
100.00
3,399.20
100.00
3,467.18
106.22
3,535.17
112.44
3,603.15
118.66
3,671.14
124.88
3,739.12
131.10
3,807.10
137.32
3,875.09
143.54
3,943.07
146.65
4,011.06
146.65
4,079.04
146.65
4,147.02
146.65
4,215.01
146.65
Santander
